//Num.Vertici:
44
//Capacita:
100
//Coordinate (deposito in posizione 1):<indice,x,y>
1    35.000    31.000
2    77.000    13.000
3    95.000    51.000
4    91.000    15.000
5    65.000    93.000
6    51.000    17.000
7    41.000    57.000
8    39.000    39.000
9    70.000   102.000
10    74.000    94.000
11    81.000    97.000
12    77.000    95.000
13    84.000    14.000
14    48.000    60.000
15    98.000    54.000
16    92.000    18.000
17    42.000    42.000
18    52.000    18.000
19    44.000    42.000
20    48.000    44.000
21    80.000    22.000
22    42.000    58.000
23    73.000   105.000
24    81.000   101.000
25   102.000    58.000
26    82.000    18.000
27    96.000    58.000
28    98.000    18.000
29    84.000    16.000
30    44.000    44.000
31    73.000   103.000
32    96.000    16.000
33    46.000    48.000
34    92.000    16.000
35    44.000    64.000
36    98.000    22.000
37    96.000    52.000
38    46.000    64.000
39    77.000   103.000
40   104.000    54.000
41    58.000    20.000
42    46.000    64.000
43    73.000   103.000
44    94.000    16.000
//Domande (deposito in posizione 1 con domanda 0):<indice,domanda>
1     0
2    26
3    11
4    22
5    18
6    10
7     9
8    12
9    10
10    12
11    19
12     5
13    18
14     7
15    14
16    14
17    20
18     7
19     4
20    11
21     3
22    22
23    15
24    69
25    26
26    20
27    12
28    22
29     9
30    23
31     7
32    17
33     3
34    18
35    18
36     9
37     4
38    20
39    24
40     3
41     4
42     4
43    23
44    17
//EOF
