// Num.Vertici:
68
// Capacita:
100
// Coordinate (deposito in posizione 1):<indice,x,y>
1    87.000    39.000
2    63.000    45.000
3     5.000    71.000
4    71.000    13.000
5    59.000    63.000
6    45.000    95.000
7    29.000    13.000
8    51.000    79.000
9     7.000    67.000
10    25.000    85.000
11     1.000     7.000
12    72.000    14.000
13    28.000    86.000
14    52.000    86.000
15    46.000   100.000
16    66.000    46.000
17    28.000    90.000
18    16.000    70.000
19     2.000    14.000
20    79.000    21.000
21    14.000    72.000
22    32.000    88.000
23     6.000    72.000
24    73.000    15.000
25     2.000    12.000
26    73.000    21.000
27    12.000    76.000
28    66.000    72.000
29     2.000    16.000
30    38.000    16.000
31    30.000    88.000
32    68.000    54.000
33    32.000    14.000
34    64.000    46.000
35    26.000    88.000
36    62.000    68.000
37    34.000    16.000
38     8.000    68.000
39    77.000    15.000
40    73.000    15.000
41    75.000    15.000
42     8.000    68.000
43    36.000    20.000
44    56.000    82.000
45    26.000    88.000
46    28.000    86.000
47    52.000    84.000
48    60.000    70.000
49    26.000    86.000
50     8.000    72.000
51    76.000    16.000
52     6.000    76.000
53    14.000    72.000
54    78.000    14.000
55    34.000    92.000
56    74.000    14.000
57    64.000    46.000
58    10.000    74.000
59     6.000     8.000
60    28.000    88.000
61    60.000    64.000
62     6.000    78.000
63    46.000   102.000
64    77.000    23.000
65    68.000    66.000
66    58.000    80.000
67    58.000    84.000
68    36.000    14.000
// Domande (deposito in posizione 1 con domanda 0):<indice,domanda>
1     0
2    10
3     3
4     7
5    18
6     2
7     2
8    23
9     8
10     9
11    22
12    12
13    20
14    21
15     9
16     6
17    11
18    18
19    23
20    10
21    11
22     3
23    10
24    23
25     8
26    16
27    26
28    19
29     9
30    18
31     5
32    23
33     1
34     2
35    21
36    19
37     5
38    14
39    10
40     2
41    16
42    17
43     5
44    16
45     6
46    11
47    14
48    17
49     8
50    48
51    12
52     9
53     6
54    10
55    19
56    22
57     5
58    12
59     5
60     9
61     8
62    21
63     9
64     3
65     8
66     9
67    16
68    17