// Num.Vertici:
40
// Capacita:
140
// Coordinate (deposito in posizione 1):<indice,x,y>
1    30.000    40.000
2    37.000    52.000
3    49.000    49.000
4    52.000    64.000
5    20.000    26.000
6    40.000    30.000
7    21.000    47.000
8    17.000    63.000
9    31.000    62.000
10    52.000    33.000
11    51.000    21.000
12    42.000    41.000
13    31.000    32.000
14     5.000    25.000
15    12.000    42.000
16    36.000    16.000
17    52.000    41.000
18    27.000    23.000
19    17.000    33.000
20    13.000    13.000
21    57.000    58.000
22    62.000    42.000
23    42.000    57.000
24    16.000    57.000
25     8.000    52.000
26     7.000    38.000
27    27.000    68.000
28    30.000    48.000
29    43.000    67.000
30    58.000    48.000
31    58.000    27.000
32    37.000    69.000
33    38.000    46.000
34    46.000    10.000
35    61.000    33.000
36    62.000    63.000
37    63.000    69.000
38    32.000    22.000
39    45.000    35.000
40    59.000    15.000
// Domande (deposito in posizione 1 con domanda 0):<indice,domanda>
1     0
2     7
3    30
4    16
5     9
6    21
7    15
8    19
9    23
10    11
11     5
12    19
13    29
14    23
15    21
16    10
17    15
18     3
19    41
20     9
21    28
22     8
23     8
24    16
25    10
26    28
27     7
28    15
29    14
30     6
31    19
32    11
33    12
34    23
35    26
36    17
37     6
38     9
39    15
40    14