// Num.Vertici:
50
// Capacita:
100
// Coordinate (deposito in posizione 1):<indice,x,y>
1    40.000    40.000
2    22.000    22.000
3    36.000    26.000
4    21.000    45.000
5    45.000    35.000
6    55.000    20.000
7    33.000    34.000
8    50.000    50.000
9    55.000    45.000
10    26.000    59.000
11    40.000    66.000
12    55.000    65.000
13    35.000    51.000
14    62.000    35.000
15    62.000    57.000
16    62.000    24.000
17    21.000    36.000
18    33.000    44.000
19     9.000    56.000
20    62.000    48.000
21    66.000    14.000
22    44.000    13.000
23    26.000    13.000
24    11.000    28.000
25     7.000    43.000
26    17.000    64.000
27    41.000    46.000
28    55.000    34.000
29    35.000    16.000
30    52.000    26.000
31    43.000    26.000
32    31.000    76.000
33    22.000    53.000
34    26.000    29.000
35    50.000    40.000
36    55.000    50.000
37    54.000    10.000
38    60.000    15.000
39    47.000    66.000
40    30.000    60.000
41    30.000    50.000
42    12.000    17.000
43    15.000    14.000
44    16.000    19.000
45    21.000    48.000
46    50.000    30.000
47    51.000    42.000
48    50.000    15.000
49    48.000    21.000
50    12.000    38.000
// Domande (deposito in posizione 1 con domanda 0):<indice,domanda>
1     0
2    18
3    26
4    11
5    30
6    21
7    19
8    15
9    16
10    29
11    26
12    37
13    16
14    12
15    31
16     8
17    19
18    20
19    13
20    15
21    22
22    28
23    12
24     6
25    27
26    14
27    18
28    17
29    29
30    13
31    22
32    25
33    28
34    27
35    19
36    10
37    12
38    14
39    24
40    16
41    33
42    15
43    11
44    18
45    17
46    21
47    27
48    19
49    20
50     5