// Num.Vertici:
39
// Capacita:
100
// Coordinate (deposito in posizione 1):<indice,x,y>
1    39.000    19.000
2    79.000    19.000
3    41.000    79.000
4    25.000    31.000
5    63.000    93.000
6    33.000     5.000
7    69.000    17.000
8    57.000    73.000
9    53.000    75.000
10     1.000     1.000
11    79.000    73.000
12    59.000     5.000
13     1.000    37.000
14    41.000    31.000
15    23.000    73.000
16    37.000    27.000
17    85.000    93.000
18    93.000    13.000
19    85.000    45.000
20    49.000    91.000
21    55.000    43.000
22    83.000    29.000
23    93.000    49.000
24    87.000    23.000
25    31.000    23.000
26    19.000    97.000
27    41.000     9.000
28    83.000    61.000
29     9.000     7.000
30    13.000    13.000
31    43.000    37.000
32    13.000    61.000
33    71.000    51.000
34    45.000    93.000
35    93.000    55.000
36     5.000    97.000
37    81.000    11.000
38     7.000    53.000
39     7.000    41.000
// Domande (deposito in posizione 1 con domanda 0):<indice,domanda>
1     0
2    18
3    16
4    22
5    24
6     3
7    19
8     6
9     6
10     6
11    12
12    18
13    16
14    72
15     7
16    16
17    23
18     4
19    22
20    23
21     7
22    11
23    11
24     1
25    22
26    16
27    15
28     7
29     5
30    22
31     9
32    10
33    11
34     9
35     3
36     7
37    15
38    10
39     2