// Num.Vertici:
63
// Capacita:
100
// Coordinate (deposito in posizione 1):<indice,x,y>
1    73.000    89.000
2    97.000    22.000
3    19.000    31.000
4    23.000    95.000
5    18.000    89.000
6    60.000    94.000
7     9.000    26.000
8    71.000     7.000
9    10.000    80.000
10    27.000    64.000
11    46.000    32.000
12    26.000     0.000
13     8.000     8.000
14    63.000   101.000
15    16.000    10.000
16    30.000    69.000
17    26.000   103.000
18    20.000     0.000
19    99.000    32.000
20    16.000    33.000
21    79.000    13.000
22    18.000    30.000
23    27.000    41.000
24    34.000     4.000
25    19.000     0.000
26    12.000    33.000
27    11.000    28.000
28   101.000     0.000
29    69.000    98.000
30    69.000   102.000
31    15.000    81.000
32    26.000    90.000
33    65.000   100.000
34    14.000    29.000
35    21.000    40.000
36    10.000    29.000
37    81.000    10.000
38    53.000    37.000
39    31.000     9.000
40    21.000    36.000
41    24.000    98.000
42    15.000    14.000
43    28.000    36.000
44    19.000     0.000
45    30.000   102.000
46    81.000    15.000
47    12.000    86.000
48    30.000    65.000
49    66.000    99.000
50    17.000    89.000
51   102.000    29.000
52    16.000    31.000
53    17.000    33.000
54    32.000     8.000
55    11.000    11.000
56    61.000   102.000
57    16.000    88.000
58    29.000     9.000
59    15.000     9.000
60    14.000    85.000
61    63.000    95.000
62    29.000    32.000
63    19.000    32.000
// Domande (deposito in posizione 1 con domanda 0):<indice,domanda>
1     0
2    18
3    11
4    18
5    17
6    21
7     6
8    12
9     6
10    21
11    14
12     2
13     5
14    12
15    23
16    23
17    19
18    18
19     8
20    21
21     7
22    19
23    18
24     7
25     6
26    12
27    21
28     6
29    21
30    20
31    18
32     6
33    20
34    20
35    23
36     4
37    21
38     4
39     6
40     9
41    21
42     5
43    20
44    11
45    16
46    48
47     2
48    15
49    15
50    22
51    25
52    23
53     5
54    24
55    11
56    24
57    20
58    21
59    10
60    24
61     3
62     9
63     5