// Num.Vertici:
64
// Capacita:
100
// Coordinate (deposito in posizione 1):<indice,x,y>
1    59.000    73.000
2    79.000    65.000
3    73.000    27.000
4    41.000    81.000
5    11.000    93.000
6    13.000    89.000
7    11.000    15.000
8    71.000    81.000
9    77.000    89.000
10    41.000    87.000
11    44.000    94.000
12    51.000   101.000
13    42.000    92.000
14    58.000   104.000
15    14.000    94.000
16    18.000    90.000
17    60.000   102.000
18    72.000    86.000
19    45.000    95.000
20    20.000    90.000
21    74.000    32.000
22    78.000    90.000
23    18.000    98.000
24    78.000    36.000
25    16.000    90.000
26    78.000    36.000
27    80.000    74.000
28    78.000    92.000
29    52.000   108.000
30    49.000    97.000
31    72.000    82.000
32    72.000    88.000
33    42.000    82.000
34    50.000    92.000
35    82.000    94.000
36    16.000    94.000
37    18.000    94.000
38    42.000    88.000
39    78.000    94.000
40    80.000    32.000
41    84.000    96.000
42    76.000    82.000
43    78.000    30.000
44    88.000    68.000
45    18.000    20.000
46    18.000    20.000
47    74.000    82.000
48    47.000    95.000
49    18.000    94.000
50    86.000    68.000
51    45.000    95.000
52    14.000   102.000
53    82.000    66.000
54    14.000    16.000
55    76.000    86.000
56    18.000   102.000
57    58.000   106.000
58    76.000    34.000
59    18.000    18.000
60    14.000    96.000
61    18.000    94.000
62    46.000    96.000
63    82.000    70.000
64    76.000    28.000
// Domande (deposito in posizione 1 con domanda 0):<indice,domanda>
1     0
2    24
3    15
4     2
5     3
6    24
7    17
8     9
9     4
10     2
11    15
12    20
13    17
14    15
15    20
16     8
17     6
18     2
19     6
20    18
21     5
22    16
23     2
24    18
25     1
26    13
27    17
28     5
29    14
30    19
31     3
32    22
33     6
34     9
35    22
36     6
37    18
38    23
39    24
40     4
41    20
42    16
43    15
44    24
45    16
46     9
47     4
48    11
49     3
50    54
51    36
52    19
53    11
54    21
55    12
56     9
57    17
58    16
59    14
60    14
61    21
62    19
63     6
64    17