// Num.Vertici:
41
// Capacita:
100
// Coordinate (deposito in posizione 1):<indice,x,y>
1    37.000    35.000
2    61.000    78.000
3    18.000    33.000
4    10.000     7.000
5    48.000    26.000
6    96.000    58.000
7    16.000    97.000
8   102.000    67.000
9    97.000    67.000
10    20.000    17.000
11   110.000    77.000
12    26.000   101.000
13   102.000    74.000
14    98.000    64.000
15    71.000    82.000
16   101.000    60.000
17   104.000    69.000
18    70.000    85.000
19    17.000     9.000
20    56.000    34.000
21   105.000    69.000
22    20.000     8.000
23   103.000    63.000
24   105.000    76.000
25    25.000    35.000
26    28.000    43.000
27    58.000    36.000
28    56.000    32.000
29    65.000    87.000
30    70.000    80.000
31   100.000    65.000
32   102.000    61.000
33    99.000    73.000
34    24.000   103.000
35    26.000   107.000
36    21.000    39.000
37    99.000    71.000
38    20.000    16.000
39    56.000    30.000
40    51.000    31.000
41   106.000    70.000
// Domande (deposito in posizione 1 con domanda 0):<indice,domanda>
1     0
2     6
3    11
4    14
5     7
6    12
7    16
8     6
9    18
10     7
11    20
12     7
13    23
14    16
15    10
16     9
17    18
18     8
19    15
20     9
21    23
22     7
23    15
24    14
25    21
26    25
27    14
28    11
29    19
30    12
31     8
32    25
33    17
34    22
35    11
36    16
37    16
38     8
39    23
40    15
41    13