// Num.Vertici:
66
// Capacita:
100
// Coordinate (deposito in posizione 1):<indice,x,y>
1    41.000    88.000
2    53.000    83.000
3    87.000    28.000
4    42.000    11.000
5    22.000     1.000
6    34.000    36.000
7    84.000    33.000
8    81.000    63.000
9    11.000    29.000
10    62.000    27.000
11    90.000    30.000
12    84.000    69.000
13    69.000    33.000
14    89.000    72.000
15    45.000    16.000
16    28.000     6.000
17    89.000    35.000
18    58.000    88.000
19    62.000    87.000
20    88.000    67.000
21    57.000    90.000
22    54.000     0.000
23    92.000    71.000
24    63.000    86.000
25    70.000    34.000
26    91.000    35.000
27    93.000    30.000
28    39.000    44.000
29    86.000    36.000
30    43.000    13.000
31    89.000    41.000
32    85.000    70.000
33     0.000    72.000
34    18.000    39.000
35    93.000    76.000
36    90.000    65.000
37    88.000     0.000
38    91.000    36.000
39    87.000    66.000
40    45.000    14.000
41     0.000    33.000
42    54.000    89.000
43    35.000    46.000
44    91.000    73.000
45    95.000    35.000
46    85.000    71.000
47    94.000    31.000
48    88.000    37.000
49    91.000    35.000
50    66.000    34.000
51    86.000    38.000
52    92.000    77.000
53    56.000    93.000
54    58.000    91.000
55    60.000    91.000
56    61.000    84.000
57    90.000    70.000
58    85.000    67.000
59     0.000    69.000
60    94.000    35.000
61    28.000     5.000
62    89.000    37.000
63    90.000    34.000
64    94.000    32.000
65    95.000    35.000
66    16.000    32.000
// Domande (deposito in posizione 1 con domanda 0):<indice,domanda>
1     0
2     5
3    20
4     7
5     2
6    19
7    19
8     9
9    15
10    22
11    14
12    15
13    18
14     4
15     6
16     4
17    10
18    16
19    14
20     1
21    23
22    19
23    16
24    22
25    15
26     4
27    21
28    16
29    22
30     6
31     2
32    11
33     5
34     2
35    12
36     6
37    17
38    15
39    11
40     4
41    22
42    13
43    21
44    13
45    20
46     6
47    15
48    22
49    11
50    18
51     8
52    22
53    16
54     7
55    16
56    21
57    16
58    17
59    16
60    23
61     3
62    20
63    13
64     6
65    12
66    15