// Num.Vertici:
37
// Capacita:
100
// Coordinate (deposito in posizione 1):<indice,x,y>
1    38.000    46.000
2    59.000    46.000
3    96.000    42.000
4    47.000    61.000
5    26.000    15.000
6    66.000     6.000
7    96.000     7.000
8    37.000    25.000
9    68.000    92.000
10    78.000    84.000
11    82.000    28.000
12    93.000    90.000
13    74.000    42.000
14    60.000    20.000
15    78.000    58.000
16    36.000    48.000
17    45.000    36.000
18    73.000    57.000
19    10.000    91.000
20    98.000    51.000
21    92.000    62.000
22    43.000    42.000
23    53.000    25.000
24    78.000    65.000
25    72.000    79.000
26    37.000    88.000
27    16.000    73.000
28    75.000    96.000
29    11.000    66.000
30     9.000    49.000
31    25.000    72.000
32     8.000    68.000
33    12.000    61.000
34    50.000     2.000
35    26.000    54.000
36    18.000    89.000
37    22.000    53.000
// Domande (deposito in posizione 1 con domanda 0):<indice,domanda>
1     0
2    16
3    18
4     1
5    13
6     8
7    23
8     7
9    27
10     1
11     3
12     6
13    24
14    19
15     2
16     5
17    16
18     7
19     4
20    22
21     7
22    23
23    16
24     2
25     2
26     9
27     2
28    12
29     1
30     9
31    23
32     6
33    19
34     7
35     7
36    20
37    20
