// Num.Vertici:
37
// Capacita:
100
// Coordinate (deposito in posizione 1):<indice,x,y>
1    86.000    22.000
2    29.000    17.000
3    4.000     50.000
4    25.000    13.000
5    67.000    37.000
6    13.000     7.000
7    62.000    15.000
8    84.000    38.000
9    34.000     3.000
10   19.000    45.000
11   42.000    76.000
12   40.000    86.000
13   25.000    94.000
14   63.000    57.000
15   75.000    24.000
16   61.000    85.000
17   87.000    38.000
18   54.000    39.000
19   66.000    34.000
20   46.000    39.000
21   47.000    17.000
22   21.000    54.000
23   19.000    83.000
24   1.000     82.000
25   94.000    28.000
26   82.000    72.000
27   41.000    59.000
28  100.000    77.000
29   1.000     57.000
30   96.000     7.000
31   57.000    82.000
32   47.000    38.000
33   68.000    89.000
34   16.000    36.000
35   51.000    38.000
36   83.000    74.000
37   84.000     2.000
// Domande (deposito in posizione 1 con domanda 0):<indice,domanda>
1     0
2     1
3    23
4    23
5     5
6     7
7    18
8    12
9    20
10    19
11    19
12    16
13     2
14    26
15    13
16    19
17    17
18    14
19     8
20    10
21     5
22    19
23    12
24     9
25    18
26     4
27    20
28     8
29     3
30    18
31    26
32    21
33    21
34     8
35    19
36    66
37    21
