// Num.Vertici:
63
// Capacita:
100
// Coordinate (deposito in posizione 1):<indice,x,y>
1    91.000    93.000
2    7.000    5.000
3    27.000    91.000
4    21.000    47.000
5    33.000    11.000
6    19.000     99.000
7    59.000    25.000
8    69.000    79.000
9    11.000    73.000
10    21.000    35.000
11    59.000    45.000
12    99.000    81.000
13    71.000    47.000
14    53.000    83.000
15    87.000    1.000
16    79.000    67.000
17    59.000    65.000
18    67.000    21.000
19    27.000    1.000
20    81.000    93.000
21    59.000    89.000
22    95.000    23.000
23    73.000    25.000
24    41.000    25.000
25    3.000    65.000
26    59.000    83.000
27    83.000    97.000
28    5.000    83.000
29    71.000    35.000
30     37.000    97.000
31    29.000    93.000
32     19.000    21.000
33    83.000    13.000
34    97.000    67.000
35    31.000    83.000
36    65.000    17.000
37    19.000    63.000
38    59.000    23.000
39    17.000    25.000
40    45.000    27.000
41    89.000    7.000
42    19.000    41.000
43    23.000    39.000
44    23.000    21.000
45    83.000    61.000
46    11.000    93.000
47    17.000    11.000
48    35.000    11.000
49    21.000    59.000
50    21.000    69.000
51    71.000    13.000
52    63.000    13.000
53    49.000    21.000
54    83.000    31.000
55    41.000    97.000
56    85.000    15.000
57    77.000    73.000
58    57.000    1.000
59    83.000    11.000
60    1.000     75.000
61    45.000    71.000
62    41.000    55.000
63    45.000    13.000
// Domande (deposito in posizione 1 con domanda 0):<indice,domanda>
1      0
2      4
3     18
4     22
5     14
6      5
7      9
8      7
9     20
10    19
11     7
12    18
13    20
14     2
15    11
16    10
17     5
18    21
19    20
20     1
21    15
22    15
23    14
24    19
25    22
26    21
27    22
28     6
29    24
30    14
31    14
32     2
33    15
34    21
35    15
36    6
37    23
38    14
39    26
40    15
41    15
42    23
43    7
44    22
45    26
46    20
47    3
48    2
49    15
50    2
51    21
52    12
53    4
54    10
55    23
56    4
57    24
58    17
59    2
60    20
61    18
62    19
63    8