// Num.Vertici:
63
// Capacita:
100
// Coordinate (deposito in posizione 1):<indice,x,y>
1     76.000    75.000
2     60.000    14.000
3     46.000     5.000
4     91.000    14.000
5     70.000    95.000
6     86.000    31.000
7     20.000     0.000
8     41.000    55.000
9     21.000    15.000
10    46.000     1.000
11    95.000    45.000
12    16.000    89.000
13    41.000     1.000
14    60.000    94.000
15    55.000    25.000
16    71.000    41.000
17    39.000    35.000
18    61.000    70.000
19    80.000    36.000
20   100.000    26.000
21    65.000    85.000
22    40.000    51.000
23    19.000    71.000
24    34.000    50.000
25    36.000    61.000
26    69.000    50.000
27    61.000    94.000
28    19.000    11.000
29    51.000    91.000
30    61.000    54.000
31    76.000    90.000
32    41.000    75.000
33    35.000   100.000
34     1.000    40.000
35    15.000    91.000
36    21.000    11.000
37    79.000    81.000
38    34.000    36.000
39    74.000    99.000
40    75.000    14.000
41    65.000    54.000
42    55.000    10.000
43   100.000     6.000
44    99.000    91.000
45    25.000    86.000
46    75.000    16.000
47    30.000    45.000
48    21.000    85.000
49    75.000    80.000
50    71.000    35.000
51    56.000    81.000
52    25.000    76.000
53    85.000    76.000
54    60.000    34.000
55    41.000    44.000
56     6.000    55.000
57    60.000    54.000
58    40.000    96.000
59    20.000    71.000
60    94.000    45.000
61    31.000    41.000
62    40.000    49.000
63    56.000    80.000
// Domande (deposito in posizione 1 con domanda 0):<indice,domanda>
1      0
2     11
3     20
4     26
5     17
6      5
7     17
8      1
9     15
10    16
11    22
12     2
13    22
14    25
15    20
16    20
17    21
18    26
19    12
20     5
21    11
22     5
23    21
24    17
25    12
26    12
27    15
28    21
29    12
30     2
31    17
32    16
33    15
34    26
35    12
36    22
37    16
38    21
39    16
40     2
41     6
42     2
43     6
44    10
45    11
46     1
47    63
48    10
49    21
50     7
51     1
52     6
53    26
54    17
55    10
56    25
57    25
58    25
59    16
60     5
61    22
62    17
63     6