// Num.Vertici:
38
// Capacita:
100
// Coordinate (deposito in posizione 1):<indice,x,y>
1     69.000    63.000
2      3.000    35.000
3     71.000    79.000
4      1.000    47.000
5     11.000    15.000
6     87.000    23.000
7     37.000    33.000
8     87.000    29.000
9     35.000    81.000
10    55.000    71.000
11    41.000    51.000
12    93.000     9.000
13    11.000    49.000
14    75.000    89.000
15    75.000    69.000
16    97.000    95.000
17    15.000    13.000
18    63.000    95.000
19    47.000    41.000
20    45.000    41.000
21    89.000    43.000
22    45.000    59.000
23    95.000    23.000
24    19.000    83.000
25    71.000    69.000
26    27.000    19.000
27    17.000    57.000
28    93.000    15.000
29    93.000    29.000
30    35.000    39.000
31    33.000    51.000
32    61.000    21.000
33    89.000    53.000
34    33.000    85.000
35    37.000    37.000
36    21.000    91.000
37    67.000    95.000
38    61.000    15.000
// Domande (deposito in posizione 1 con domanda 0):<indice,domanda>
1      0
2     12
3      5
4      8
5     12
6     18
7     12
8     11
9     19
10    23
11     8
12    25
13     1
14     5
15    17
16    13
17     9
18    13
19    19
20     5
21    26
22     9
23    20
24    21
25     8
26    12
27    13
28    12
29     4
30    19
31    25
32     7 
33     3
34     2
35    24
36    13
37    14
38    14