// Num.Vertici:
64
// Capacita:
100
// Coordinate (deposito in posizione 1):<indice,x,y>
1     97.000    33.000
2     57.000    81.000
3      1.000    33.000
4     55.000    57.000
5     29.000    37.000
6     21.000    39.000
7     93.000    37.000
8      5.000    91.000
9     25.000    11.000
10    47.000    37.000
11    87.000    25.000
12    67.000    65.000
13    71.000    89.000
14    67.000    15.000
15    45.000    79.000
16    71.000    57.000
17    29.000     1.000
18    59.000    79.000
19    93.000    83.000
20    47.000    41.000
21    51.000    41.000
22    23.000    93.000
23    87.000    95.000
24    39.000    45.000
25    45.000     7.000
26    85.000    51.000
27    35.000    93.000
28    47.000    79.000
29    59.000    91.000
30    83.000    51.000
31    49.000    65.000
32    21.000    55.000
33    51.000    21.000
34    69.000    43.000
35    37.000    41.000
36    37.000    95.000
37     5.000    71.000
38    37.000    47.000
39    83.000    73.000
40    17.000    71.000
41     5.000    71.000
42    81.000    17.000
43    59.000    33.000
44    63.000    87.000
45    21.000    77.000
46    71.000    51.000
47    21.000    17.000
48     9.000     7.000
49    65.000    43.000
50    25.000    63.000
51    13.000    57.000
52    47.000    43.000
53    77.000     9.000
54    57.000    55.000
55    21.000    33.000
56    27.000    59.000
57    83.000     9.000
58    63.000    69.000
59     9.000    35.000
60    25.000    55.000
61    33.000     3.000
62    53.000    11.000
63    51.000    49.000
64     9.000    23.000
// Domande (deposito in posizione 1 con domanda 0):<indice,domanda>
1      0
2     10
3     15
4     23
5     23
6     24
7     17
8      1
9      4
10     2
11     5
12    18
13     9
14     8
15    23
16    13
17     4
18    18
19    16
20    26
21    16
22     4
23    23
24     8
25     5
26     2
27     5
28     2
29    21
30    23
31     8
32     5 
33     8
34    26
35    12
36     8
37     3
38    19
39    19
40    16
41     2
42     3
43    17
44     7
45     5
46     8
47     4
48    12
49    19
50    19
51    26
52    24
53     5
54     8
55    22
56     9
57    18
58    19
59    15
60     5
61    11
62    12
63    54
64     8