// Num.Vertici:
39
// Capacita:
100
// Coordinate (deposito in posizione 1):<indice,x,y>
1     9.000    35.000
2    43.000    19.000
3    79.000    35.000
4    93.000     7.000
5    13.000    35.000
6    67.000    13.000
7    31.000    77.000
8    81.000     7.000
9    27.000    49.000
10    27.000    35.000
11    69.000    23.000
12    31.000    51.000
13    27.000    27.000
14    15.000    83.000
15     7.000    35.000
16    53.000    25.000
17    75.000    13.000
18    47.000    49.000
19    25.000    33.000
20     1.000    23.000
21    45.000    11.000
22     1.000    47.000
23    93.000    15.000
24    41.000     9.000
25    75.000    55.000
26     3.000     1.000
27    51.000    67.000
28    57.000    91.000
29    21.000    97.000
30    55.000    13.000
31     3.000    71.000
32    37.000    19.000
33    73.000    21.000
34    19.000    19.000
35    75.000    73.000
36    93.000    49.000
37    41.000    87.000
38    97.000    73.000
39    45.000    29.000
// Domande (deposito in posizione 1 con domanda 0):<indice,domanda>
1     0
2     5
3    24
4     3
5    20
6    26
7    23
8    15
9     3
10    20
11    16
12     9
13    21
14     3
15    24
16    14
17     6
18     6
19    13
20     5
21     3
22     3
23    20
24    16
25    22
26    10
27    12
28    20
29    24
30     6
31     1
32     2
33    13
34     7
35     6
36    24
37    19
38     4
39     7