// Num.Vertici:
65
// Capacita:
100
// Coordinate (deposito in posizione 1):<indice,x,y>
1    25.000    51.000
2    35.000     7.000
3    93.000    75.000
4    53.000    95.000
5    51.000    81.000
6    51.000    55.000
7     1.000    67.000
8     9.000    23.000
9    75.000     7.000
10    15.000    97.000
11    79.000     5.000
12     9.000    19.000
13    39.000     1.000
14    47.000     1.000
15    33.000    97.000
16    27.000    83.000
17    83.000    79.000
18    17.000    59.000
19    47.000    19.000
20    57.000     9.000
21    87.000    41.000
22    55.000    25.000
23    21.000    91.000
24    21.000    13.000
25    67.000     1.000
26    59.000    21.000
27     1.000    75.000
28    33.000    85.000
29    25.000    21.000
30    45.000    29.000
31    63.000    77.000
32     1.000    77.000
33    77.000    41.000
34    35.000    11.000
35     9.000    77.000
36    61.000    87.000
37    59.000    91.000
38    63.000    79.000
39    97.000    67.000
40     9.000    45.000
41    93.000    21.000
42    83.000    71.000
43    95.000    57.000
44    31.000    69.000
45    77.000    17.000
46    63.000    57.000
47     3.000    63.000
48    11.000    69.000
49     7.000     9.000
50    37.000    65.000
51    75.000    83.000
52    15.000    53.000
53    69.000     5.000
54    69.000    27.000
55     5.000    19.000
56    49.000    31.000
57    77.000    17.000
58    15.000     7.000
59    91.000    39.000
60    79.000    17.000
61    67.000    75.000
62    93.000    51.000
63    25.000    33.000
64     9.000    19.000
65     3.000    65.000
// Domande (deposito in posizione 1 con domanda 0):<indice,domanda>
1     0
2    12
3    24
4    16
5     7
6     9
7    20
8    10
9    18
10    26
11    17
12     2
13    11
14     9
15    12
16    11
17    12
18    23
19     7
20     1
21    26
22    10
23     9
24    22
25    21
26    17
27     2
28    15
29    16
30    14
31    23
32    24
33     2
34    12
35    18
36     5
37    19
38    15
39     8
40     6
41    14
42    13
43     5
44    24
45    25
46     2
47     8
48    14
49     2
50    13
51    10
52     6
53     6
54    24
55    21
56    20
57    24
58     4
59    19
60    14
61    23
62     2
63    16
64    23
65    14