// Num.Vertici:
69
// Capacita:
100
// Coordinate (deposito in posizione 1):<indice,x,y>
1    59.000    44.000
2     9.000    23.000
3    84.000    68.000
4    36.000    93.000
5    87.000     9.000
6    34.000    16.000
7    40.000    98.000
8    72.000    43.000
9     0.000    60.000
10    64.000    90.000
11    11.000     8.000
12    46.000     7.000
13    33.000    54.000
14    23.000    84.000
15    67.000    18.000
16    34.000    93.000
17    19.000    25.000
18    14.000     9.000
19    70.000    64.000
20    58.000    50.000
21     5.000    78.000
22    95.000    39.000
23    38.000    54.000
24    50.000    73.000
25    48.000    46.000
26    64.000     4.000
27    39.000    28.000
28    79.000    30.000
29    61.000    36.000
30    28.000    50.000
31    51.000    91.000
32    68.000    59.000
33    14.000     9.000
34    94.000    87.000
35    68.000    29.000
36    12.000    91.000
37     2.000    22.000
38    25.000    16.000
39    11.000    57.000
40     3.000    51.000
41    13.000    52.000
42     9.000    76.000
43    58.000    18.000
44    40.000    39.000
45    32.000    89.000
46     9.000    92.000
47    36.000    14.000
48    82.000    13.000
49    10.000    25.000
50    96.000    97.000
51    20.000    21.000
52    40.000    91.000
53    33.000    31.000
54    72.000    74.000
55    41.000    24.000
56    90.000    20.000
57     4.000    44.000
58    54.000    22.000
59    43.000    59.000
60     3.000    70.000
61    94.000    16.000
62    94.000    54.000
63    14.000    40.000
64    37.000     0.000
65    88.000    55.000
66    80.000    25.000
67    37.000    64.000
68    87.000    47.000
69    18.000    68.000
// Domande (deposito in posizione 1 con domanda 0):<indice,domanda>
1     0
2     2
3     1
4     6
5     9
6    16
7     5
8     3
9     9
10    12
11     1
12     1
13    18
14    10
15     5
16     5
17     9
18    16
19    12
20     6
21     6
22    20
23    23
24    39
25    17
26     8
27     2
28    13
29    17
30     3
31     2
32     7
33    23
34    10
35     7
36    12
37    20
38    13
39    21
40    25
41     5
42     4
43    13
44    12
45    23
46    19
47    10
48     7
49    15
50     5
51    15
52    13
53    30
54    15
55     7
56     9
57    23
58     8
59     5
60     8
61    25
62    12
63    25
64    24
65     8
66    22
67     7
68    24
69    18