// Num.Vertici:
38
// Capacita:
100
// Coordinate (deposito in posizione 1):<indice,x,y>
1    64.000    75.000
2    16.000    97.000
3     2.000    79.000
4    28.000    79.000
5    16.000     3.000
6    39.000    20.000
7    35.000    65.000
8    43.000    21.000
9    44.000     0.000
10    37.000    67.000
11    17.000   100.000
12    34.000    80.000
13    45.000     7.000
14    11.000    83.000
15    35.000    88.000
16    21.000    98.000
17    41.000    72.000
18    51.000     0.000
19    17.000     9.000
20    36.000    66.000
21    20.000   105.000
22    35.000    85.000
23    37.000    75.000
24    17.000    11.000
25    46.000     6.000
26    40.000    23.000
27    43.000    73.000
28    40.000    21.000
29    29.000    85.000
30    45.000     6.000
31     0.000    24.000
32    42.000    66.000
33    30.000    81.000
34    17.000     9.000
35    46.000     4.000
36     0.000    85.000
37    51.000     2.000
38     5.000    80.000
// Domande (deposito in posizione 1 con domanda 0):<indice,domanda>
1     0
2    18
3    10
4    16
5    12
6    21
7    23
8    15
9    25
10     3
11     6
12     7
13     4
14    20
15    25
16    20
17    12
18     3
19    12
20    14
21    26
22     9
23    22
24    20
25     9
26    13
27    21
28    10
29     8
30     5
31    14
32     7
33    21
34    20
35     1
36    21
37    17
38     2