// Num.Vertici:
39
// Capacita:
100
// Coordinate (deposito in posizione 1):<indice,x,y>
1    37.000    21.000
2    77.000    57.000
3    97.000    79.000
4    39.000    33.000
5    45.000    47.000
6    85.000    23.000
7     7.000     1.000
8    16.000     6.000
9    21.000    13.000
10    21.000     7.000
11    12.000     6.000
12    92.000    24.000
13    92.000    32.000
14    10.000     8.000
15    19.000    15.000
16    86.000    24.000
17   106.000    84.000
18    48.000    48.000
19     8.000     2.000
20    14.000     2.000
21    14.000     2.000
22    98.000    82.000
23   106.000    80.000
24    98.000    86.000
25    98.000    82.000
26    80.000    62.000
27    82.000    62.000
28    52.000    52.000
29    42.000    42.000
30    25.000    11.000
31   104.000    86.000
32    44.000    38.000
33    78.000    64.000
34    98.000    80.000
35    16.000     4.000
36    46.000    48.000
37    44.000    42.000
38   100.000    82.000
39    52.000    54.000
// Domande (deposito in posizione 1 con domanda 0):<indice,domanda>
1     0
2    14
3    16
4    18
5    20
6     1
7    12
8    13
9    18
10     9
11    15
12     8
13    10
14     7
15    18
16    14
17     1
18    15
19     7
20    25
21     2
22     3
23     4
24    16
25    15
26    23
27    11
28    21
29    10
30    12
31     9
32     7
33     8
34     4
35    23
36     8
37     6
38     2
39    15