// Num.Vertici:
43
// Capacita:
100
// Coordinate (deposito in posizione 1):<indice,x,y>
1    74.000    34.000
2     9.000    22.000
3    13.000    28.000
4    47.000    63.000
5    74.000    43.000
6    71.000    10.000
7    11.000    61.000
8    23.000    33.000
9    14.000    29.000
10    31.000    34.000
11    22.000    29.000
12    50.000    66.000
13    16.000    30.000
14    48.000    70.000
15    16.000     0.000
16    18.000    33.000
17    20.000    34.000
18    26.000    36.000
19    49.000     0.000
20    19.000     0.000
21    80.000    17.000
22    75.000    13.000
23    18.000    68.000
24    10.000    27.000
25    12.000    66.000
26    80.000    50.000
27    29.000    43.000
28    79.000    48.000
29    14.000     0.000
30    76.000    51.000
31    54.000    68.000
32    17.000    30.000
33    78.000    50.000
34    72.000    19.000
35    23.000    37.000
36    78.000    45.000
37    14.000    34.000
38     0.000    15.000
39    16.000    31.000
40    24.000    37.000
41    84.000    47.000
42    80.000    44.000
43    24.000    41.000
// Domande (deposito in posizione 1 con domanda 0):<indice,domanda>
1     0
2    25
3    19
4     8
5    10
6     1
7    14
8    11
9    20
10    23
11     3
12     4
13     6
14    23
15     7
16    15
17    13
18     3
19    11
20    24
21     8
22    14
23     8
24     9
25    24
26    10
27    19
28    10
29     5
30     7
31    23
32    11
33    12
34     4
35    11
36    16
37    22
38    24
39    12
40     5
41    11
42     7
43     9