// Num.Vertici:
67
// Capacita:
100
// Coordinate (deposito in posizione 1):<indice,x,y>
1    58.000    90.000
2     5.000    66.000
3    34.000    98.000
4    93.000    17.000
5    23.000    67.000
6    71.000    91.000
7    20.000    39.000
8    20.000    86.000
9     7.000    99.000
10    72.000    78.000
11    27.000    90.000
12    14.000    72.000
13    72.000   101.000
14    72.000    96.000
15    19.000    73.000
16    76.000    95.000
17    30.000    92.000
18    30.000    87.000
19    40.000   104.000
20     7.000    73.000
21     7.000    76.000
22    79.000    86.000
23    82.000   105.000
24    12.000   104.000
25    21.000    93.000
26    77.000    85.000
27    37.000   101.000
28    28.000    91.000
29    72.000    95.000
30    22.000    92.000
31    98.000    18.000
32    42.000   107.000
33    16.000   101.000
34    41.000   100.000
35    23.000    41.000
36     8.000    70.000
37    22.000    45.000
38    15.000   103.000
39    27.000    88.000
40    25.000    47.000
41    26.000    42.000
42    29.000    93.000
43    25.000    45.000
44    29.000    91.000
45    26.000    44.000
46    78.000   109.000
47    27.000    69.000
48    40.000    99.000
49    74.000    81.000
50     8.000    69.000
51    18.000    74.000
52    24.000    96.000
53    82.000   107.000
54    27.000    46.000
55    81.000    95.000
56    79.000    95.000
57    76.000    95.000
58    97.000    19.000
59    74.000    98.000
60    21.000    94.000
61    40.000     0.000
62   100.000    23.000
63    99.000    24.000
64    73.000    85.000
65    26.000    40.000
66    16.000   103.000
67    33.000    94.000
// Domande (deposito in posizione 1 con domanda 0):<indice,domanda>
1     0
2    12
3    12
4    10
5     2
6    23
7    15
8    16
9    26
10    12
11    12
12    26
13    10
14    22
15     4
16    16
17     8
18    23
19     2
20    24
21    12
22    24
23     4
24    19
25    21
26     7
27    15
28    14
29    18
30     7
31    20
32    18
33     2
34    21
35    21
36     3
37     5
38    20
39    16
40    25
41     3
42    10
43    18
44     4
45    14
46     6
47    13
48    25
49    17
50    15
51    19
52    21
53    15
54    25
55     7
56     4
57    16
58    24
59    16
60    10
61    15
62    14
63    14
64     2
65     1
66     9
67     3